

 primorial_maxO_minP: maxOmega / minPidx 
============================================================

Tracking: max(omega), min(Pidx) per interval.
Intervals: 19 between primorial boundaries of n(n+1).
Threads: 10,  block_n: 524288

  r                                  P_r          Interval Start n,                               n(n+1)  maxOmega         n@maxOmega minPidx          n@minPidx      time
----------------------------------------------------------------------------------------------------------------------------------------------------------------------------
  1                                    2                          1                                    2         1                  1      1                  1      0.00s
  2                                    6                          2                                    6         2                  4      2                  3      0.00s
  3                                   30                          5                                   30         3                 13      2                  8      0.00s
  4                                  210                         14                                  210         4                 45      3                 24      0.00s
  5                                2,310                         48                                2,352         5                170      3                 80      0.00s
  6                               30,030                        173                               30,102         6                713      4                224      0.00s
  7                              510,510                        714                              510,510         7              3,059      4              2,400      0.00s
  8                            9,699,690                      3,114                            9,700,110         8             13,629      4              4,374      0.00s
  9                          223,092,870                     14,936                          223,099,032         9             77,349      7             37,179      0.00s
 10                        6,469,693,230                     80,434                        6,469,708,790        10            447,810      6            123,200      0.02s
 11                      200,560,490,130                    447,839                      200,560,217,760        11          2,369,850      8            709,631      0.03s
 12                    7,420,738,134,810                  2,724,103                    7,420,739,878,712        12         13,781,669      8         11,859,210      0.08s
 13                  304,250,263,527,210                 17,442,771                  304,250,277,601,212        13         64,822,394     10         96,059,600      0.56s
 14               13,082,761,331,670,030                114,379,899               13,082,761,409,630,100        13        684,493,524     10        177,182,720      3.51s
 15              614,889,782,588,491,410                784,149,081              614,889,782,017,293,642        15      5,163,068,910     11      1,611,308,699     25.64s
 16           32,589,158,477,190,044,730              5,708,691,485           32,589,158,476,620,196,710        15     31,557,737,925     14     18,184,252,800      3.37m
 17        1,922,760,350,154,212,639,070             43,849,291,330        1,922,760,350,187,062,460,230        15    323,588,878,249     13     63,927,525,375     27.33m
 18      117,288,381,359,406,970,983,270            342,473,913,399      117,288,381,359,168,225,646,600        16  2,679,249,279,069     14    421,138,799,639      3.88h
 19    7,858,321,551,080,267,055,879,090          2,803,269,796,341    7,858,321,551,080,514,886,784,622        16 22,581,869,067,680     17 20,628,591,204,480     33.61h

